{
  "clean_acc": 94.73999786376953,
  "bd_acc": 99.97000122070312,
  "cross_acc": 94.27999877929688
}